1800 1300
0 0 -2000
9
894 1633 1349
-1865 384 1849
-2182 -3848 1245
-617 865 -3968
404 1615 -1993
-3873 2243 -40
1848 -3855 -3382
-3568 3235 -2827
-3875 -1356 3150
43
928 3331 3825 312 72 214 64 1
-543 2531 3322 21 241 205 34 1
-162 3954 81 146 146 116 245 1
143 -2972 2664 251 135 216 145 1
-1811 -3342 1535 253 231 70 18 1
-1010 -2814 3693 336 123 139 97 1
2529 -3957 1718 355 154 75 1 1
1973 -230 1317 359 168 140 34 1
-1537 -695 550 253 77 237 181 1
1443 -993 960 363 72 18 232 1
-1929 -3151 730 325 169 237 35 1
-1165 -3459 1039 204 160 96 20 1
-1626 1023 2016 242 47 65 46 1
-732 -330 3165 160 78 211 29 1
3658 736 2611 179 111 30 182 1
3862 2601 1644 387 219 32 248 1
3951 3452 1576 110 44 218 225 1
360 -731 2740 166 153 117 22 1
401 -2403 1292 261 116 95 108 1
-2063 -1352 809 368 171 154 123 1
517 -582 104 6 85 246 177 1
-363 561 407 169 181 17 144 1
-675 -318 623 212 111 15 201 1
2753 -1063 3555 387 9 13 29 1
-70 -3015 3296 180 177 188 92 1
1537 1369 2531 137 248 210 119 1
-2584 943 3947 75 74 253 78 1
-742 -1715 571 142 247 73 135 1
2715 -2735 3909 227 102 104 41 1
-2194 723 2102 92 188 157 172 1
-2656 -2081 1075 203 66 119 104 1
683 -1721 3839 220 209 47 128 1
2115 -3970 1154 15 75 11 99 1
308 137 25 328 152 25 48 1
1486 -2072 1268 337 67 154 247 1
2791 -2001 2415 237 136 249 174 1
1056 -2312 239 11 246 110 37 1
1528 1264 504 127 77 84 108 1
-903 -3781 1837 230 72 241 132 1
1648 -2432 2010 129 124 143 82 1
-1981 3842 2118 91 124 237 167 1
3323 -3414 2043 40 162 221 146 1
-2540 -3370 2152 182 135 106 43 1
